0.30000
20 10
1 2 3 4 10 13 14 16 17 19
0 3
8 237
17 178
4 101
1 3
8 834
7 168
19 27
2 7
8 266
17 324
10 60
16 217
9 296
12 412
6 704
3 6
7 483
10 97
9 204
12 477
11 556
8 232
4 2
6 482
0 101
5 5
13 490
19 687
18 190
11 226
14 49
6 4
4 482
11 401
14 296
2 704
7 5
3 483
16 199
13 173
12 69
1 168
8 6
12 677
0 237
2 266
1 834
3 232
10 294
9 3
3 204
19 683
2 296
10 3
3 97
2 60
8 294
11 7
14 180
6 401
19 536
3 556
5 226
15 192
18 415
12 4
8 677
3 477
7 69
2 412
13 2
5 490
7 173
14 4
11 180
6 296
17 439
5 49
15 2
17 152
11 192
16 2
7 199
2 217
17 4
0 178
2 324
15 152
14 439
18 2
5 190
11 415
19 4
5 687
9 683
11 536
1 27