1.00000
20 10
1 2 4 6 7 8 9 13 15 17
0 2
8 235
19 141
1 7
3 468
12 199
18 705
2 601
5 690
4 70
13 203
2 4
8 474
17 1100
1 601
10 416
3 4
1 468
9 215
18 239
14 39
4 4
12 231
5 630
7 200
1 70
5 7
19 717
4 630
9 616
12 848
18 432
1 690
17 41
6 2
7 48
9 32
7 2
6 48
4 200
8 4
18 520
0 235
2 474
11 962
9 5
14 188
3 215
5 616
10 79
6 32
10 2
9 79
2 416
11 3
8 962
13 100
15 1144
12 3
4 231
1 199
5 848
13 3
11 100
1 203
15 1090
14 4
16 519
19 421
9 188
3 39
15 5
18 227
16 693
19 134
11 1144
13 1090
16 4
14 519
19 775
15 693
17 37
17 3
2 1100
5 41
16 37
18 5
8 520
1 705
3 239
5 432
15 227
19 5
14 421
5 717
16 775
0 141
15 134