0.30000
40 20
1 2 3 4 5 6 7 8 9 10 11 12 13 14 15 16 17 18 19 20
0 39
1 708
2 695
3 631
4 676
5 677
6 713
7 752
8 779
9 709
10 692
11 624
12 666
13 656
14 711
15 748
16 766
17 702
18 680
19 655
20 653
21 391
22 270
23 270
24 391
25 629
26 547
27 532
28 501
29 501
30 532
31 547
32 629
33 110
34 687
35 769
36 495
37 708
38 760
39 533
1 39
0 708
2 42
3 172
4 234
5 397
6 459
7 604
8 201
9 5
10 43
11 182
12 248
13 376
14 417
15 596
16 210
17 18
18 64
19 221
20 196
21 439
22 441
23 525
24 661
25 252
26 179
27 180
28 256
29 286
30 423
31 459
32 610
33 627
34 416
35 576
36 479
37 116
38 97
39 633
2 39
0 695
1 42
3 132
4 193
5 355
6 418
7 563
8 242
9 46
10 3
11 142
12 207
13 335
14 376
15 555
16 250
17 55
18 24
19 180
20 155
21 447
22 430
23 500
24 628
25 280
26 185
27 176
28 226
29 253
30 385
31 421
32 570
33 609
34 375
35 535
36 442
37 77
38 77
39 596
3 39
0 631
1 172
2 132
4 83
5 232
6 297
7 439
8 366
9 176
10 130
11 11
12 91
13 210
14 257
15 431
16 372
17 182
18 109
19 61
20 38
21 461
22 384
23 404
24 509
25 365
26 223
27 192
28 131
29 142
30 255
31 290
32 439
33 535
34 253
35 414
36 314
37 90
38 153
39 466
4 39
0 676
1 234
2 193
3 83
5 165
6 226
7 371
8 434
9 238
10 192
11 80
12 18
13 147
14 184
15 363
16 441
17 247
18 172
19 26
20 46
21 539
22 445
23 431
24 504
25 446
26 306
27 274
28 183
29 176
30 231
31 259
32 392
33 575
34 184
35 343
36 296
37 124
38 181
39 437
5 39
0 677
1 397
2 355
3 232
4 165
6 66
7 208
8 596
9 401
10 354
11 224
12 149
13 28
14 36
15 200
16 603
17 409
18 334
19 177
20 202
21 634
22 495
23 410
24 414
25 592
26 439
27 401
28 260
29 228
30 150
31 152
32 240
33 569
34 21
35 182
36 206
37 287
38 343
39 309
6 39
0 713
1 459
2 418
3 297
4 226
5 66
7 147
8 659
9 463
10 417
11 289
12 212
13 91
14 44
15 139
16 666
17 472
18 397
19 240
20 265
21 694
22 547
23 444
24 418
25 657
26 503
27 466
28 321
29 288
30 182
31 169
32 208
33 604
34 45
35 118
36 224
37 347
38 400
39 294
7 39
0 752
1 604
2 563
3 439
4 371
5 208
6 147
8 803
9 608
10 562
11 430
12 357
13 230
14 191
15 9
16 810
17 616
18 541
19 384
20 409
21 799
22 632
23 490
24 400
25 791
26 634
27 595
28 441
29 404
30 259
31 226
32 139
33 645
34 188
35 45
36 266
37 494
38 547
39 249
8 39
0 779
1 201
2 242
3 366
4 434
5 596
6 659
7 803
9 197
10 243
11 376
12 448
13 574
14 617
15 795
16 21
17 188
18 263
19 420
20 395
21 429
22 515
23 653
24 817
25 168
26 248
27 279
28 418
29 455
30 607
31 645
32 801
33 719
34 616
35 776
36 657
37 316
38 280
39 812
9 39
0 709
1 5
2 46
3 176
4 238
5 401
6 463
7 608
8 197
10 47
11 186
12 252
13 380
14 421
15 600
16 206
17 15
18 68
19 225
20 200
21 438
22 442
23 527
24 664
25 249
26 179
27 181
28 259
29 289
30 426
31 463
32 614
33 629
34 420
35 580
36 483
37 120
38 100
39 637
10 39
0 692
1 43
2 3
3 130
4 192
5 354
6 417
7 562
8 243
9 47
11 141
12 206
13 334
14 375
15 554
16 251
17 56
18 22
19 179
20 154
21 446
22 428
23 498
24 626
25 280
26 183
27 175
28 224
29 251
30 383
31 419
32 568
33 607
34 374
35 534
36 440
37 77
38 79
39 594
11 39
0 624
1 182
2 142
3 11
4 80
5 224
6 289
7 430
8 376
9 186
10 141
12 85
13 201
14 250
15 422
16 381
17 192
18 119
19 56
20 36
21 461
22 380
23 396
24 499
25 371
26 227
27 194
28 124
29 133
30 244
31 279
32 429
33 527
34 244
35 405
36 303
37 100
38 164
39 455
12 39
0 666
1 248
2 207
3 91
4 18
5 149
6 212
7 357
8 448
9 252
10 206
11 85
13 130
14 170
15 349
16 455
17 261
18 186
19 30
20 55
21 539
22 439
23 418
24 487
25 455
26 311
27 278
28 177
29 166
30 214
31 241
32 374
33 564
34 169
35 329
36 278
37 140
38 199
39 419
13 39
0 656
1 376
2 335
3 210
4 147
5 28
6 91
7 230
8 574
9 380
10 334
11 201
12 130
14 63
15 222
16 581
17 388
18 313
19 156
20 181
21 607
22 469
23 390
24 405
25 566
26 413
27 375
28 232
29 201
30 134
31 143
32 249
33 548
34 47
35 206
36 194
37 270
38 327
39 309
14 39
0 711
1 417
2 376
3 257
4 184
5 36
6 44
7 191
8 617
9 421
10 375
11 250
12 170
13 63
15 183
16 624
17 430
18 355
19 199
20 224
21 669
22 531
23 443
24 437
25 620
26 469
27 432
28 294
29 263
30 182
31 179
32 245
33 603
34 26
35 160
36 234
37 304
38 356
39 323
15 39
0 748
1 596
2 555
3 431
4 363
5 200
6 139
7 9
8 795
9 600
10 554
11 422
12 349
13 222
14 183
16 802
17 608
18 533
19 376
20 401
21 792
22 626
23 485
24 398
25 784
26 627
27 588
28 434
29 396
30 252
31 220
32 138
33 641
34 180
35 40
36 261
37 486
38 539
39 248
16 39
0 766
1 210
2 250
3 372
4 441
5 603
6 666
7 810
8 21
9 206
10 251
11 381
12 455
13 581
14 624
15 802
17 196
18 270
19 427
20 402
21 412
22 504
23 647
24 814
25 151
26 241
27 273
28 417
29 455
30 609
31 647
32 804
33 709
34 623
35 783
36 657
37 325
38 292
39 813
17 39
0 702
1 18
2 55
3 182
4 247
5 409
6 472
7 616
8 188
9 15
10 56
11 192
12 261
13 388
14 430
15 608
16 196
18 76
19 233
20 208
21 426
22 433
23 524
24 664
25 235
26 168
27 171
28 258
29 290
30 430
31 467
32 619
33 622
34 429
35 589
36 485
37 131
38 114
39 640
18 39
0 680
1 64
2 24
3 109
4 172
5 334
6 397
7 541
8 263
9 68
10 22
11 119
12 186
13 313
14 355
15 533
16 270
17 76
19 158
20 133
21 445
22 418
23 480
24 606
25 291
26 183
27 170
28 205
29 231
30 361
31 397
32 547
33 593
34 354
35 514
36 419
37 64
38 83
39 572
19 39
0 655
1 221
2 180
3 61
4 26
5 177
6 240
7 384
8 420
9 225
10 179
11 56
12 30
13 156
14 199
15 376
16 427
17 233
18 158
20 26
21 513
22 421
23 413
24 494
25 425
26 282
27 250
28 159
29 155
30 225
31 256
32 396
33 554
34 197
35 357
36 289
37 117
38 179
39 434
20 39
0 653
1 196
2 155
3 38
4 46
5 202
6 265
7 409
8 395
9 200
10 154
11 36
12 55
13 181
14 224
15 401
16 402
17 208
18 133
19 26
21 497
22 413
23 417
24 508
25 401
26 261
27 229
28 153
29 155
30 243
31 275
32 418
33 554
34 222
35 382
36 306
37 96
38 159
39 453
21 39
0 391
1 439
2 447
3 461
4 539
5 634
6 694
7 799
8 429
9 438
10 446
11 461
12 539
13 607
14 669
15 792
16 412
17 426
18 445
19 513
20 497
22 201
23 401
24 601
25 263
26 263
27 278
28 376
29 407
30 542
31 577
32 725
33 373
34 652
35 794
36 551
37 499
38 524
39 676
22 39
0 270
1 441
2 430
3 384
4 445
5 495
6 547
7 632
8 515
9 442
10 428
11 380
12 439
13 469
14 531
15 626
16 504
17 433
18 418
19 421
20 413
21 201
23 201
24 401
25 376
26 278
27 263
28 263
29 278
30 376
31 407
32 542
33 206
34 510
35 634
36 371
37 453
38 499
39 483
23 39
0 270
1 525
2 500
3 404
4 431
5 410
6 444
7 490
8 653
9 527
10 498
11 396
12 418
13 390
14 443
15 485
16 647
17 524
18 480
19 413
20 417
21 401
22 201
24 201
25 542
26 407
27 376
28 278
29 263
30 263
31 278
32 376
33 161
34 419
35 503
36 227
37 491
38 551
39 297
24 39
0 391
1 661
2 628
3 509
4 504
5 414
6 418
7 400
8 817
9 664
10 626
11 499
12 487
13 405
14 437
15 398
16 814
17 664
18 606
19 494
20 508
21 601
22 401
23 201
25 725
26 577
27 542
28 407
29 376
30 278
31 263
32 263
33 299
34 413
35 429
36 213
37 597
38 662
39 154
25 39
0 629
1 252
2 280
3 365
4 446
5 592
6 657
7 791
8 168
9 249
10 280
11 371
12 455
13 566
14 620
15 784
16 151
17 235
18 291
19 425
20 401
21 263
22 376
23 542
24 725
26 161
27 201
28 361
29 401
30 561
31 601
32 761
33 581
34 612
35 772
36 598
37 354
38 348
39 749
26 39
0 547
1 179
2 185
3 223
4 306
5 439
6 503
7 634
8 248
9 179
10 183
11 227
12 311
13 413
14 469
15 627
16 241
17 168
18 183
19 282
20 261
21 263
22 278
23 407
24 577
25 161
27 41
28 201
29 241
30 401
31 441
32 601
33 477
34 459
35 617
36 439
37 241
38 261
39 592
27 39
0 532
1 180
2 176
3 192
4 274
5 401
6 466
7 595
8 279
9 181
10 175
11 194
12 278
13 375
14 432
15 588
16 273
17 171
18 170
19 250
20 229
21 278
22 263
23 376
24 542
25 201
26 41
28 161
29 201
30 361
31 401
32 561
33 457
34 421
35 579
36 399
37 222
38 251
39 552
28 39
0 501
1 256
2 226
3 131
4 183
5 260
6 321
7 441
8 418
9 259
10 224
11 124
12 177
13 232
14 294
15 434
16 417
17 258
18 205
19 159
20 153
21 376
22 263
23 278
24 407
25 361
26 201
27 161
29 41
30 201
31 241
32 401
33 404
34 278
35 429
36 242
37 214
38 273
39 397
29 39
0 501
1 286
2 253
3 142
4 176
5 228
6 288
7 404
8 455
9 289
10 251
11 133
12 166
13 201
14 263
15 396
16 455
17 290
18 231
19 155
20 155
21 407
22 278
23 263
24 376
25 401
26 241
27 201
28 41
30 161
31 201
32 361
33 400
34 246
35 392
36 203
37 231
38 293
39 358
30 39
0 532
1 423
2 385
3 255
4 231
5 150
6 182
7 259
8 607
9 426
10 383
11 244
12 214
13 134
14 182
15 252
16 609
17 430
18 361
19 225
20 243
21 542
22 376
23 263
24 278
25 561
26 401
27 361
28 201
29 161
31 41
32 201
33 423
34 157
35 258
36 66
37 338
38 402
39 212
31 39
0 547
1 459
2 421
3 290
4 259
5 152
6 169
7 226
8 645
9 463
10 419
11 279
12 241
13 143
14 179
15 220
16 647
17 467
18 397
19 256
20 275
21 577
22 407
23 278
24 263
25 601
26 441
27 401
28 241
29 201
30 41
32 161
33 438
34 154
35 230
36 56
37 371
38 434
39 179
32 39
0 629
1 610
2 570
3 439
4 392
5 240
6 208
7 139
8 801
9 614
10 568
11 429
12 374
13 249
14 245
15 138
16 804
17 619
18 547
19 396
20 418
21 725
22 542
23 376
24 263
25 761
26 601
27 561
28 401
29 361
30 201
31 161
33 524
34 228
35 173
36 174
37 512
38 573
39 111
33 39
0 110
1 627
2 609
3 535
4 575
5 569
6 604
7 645
8 719
9 629
10 607
11 527
12 564
13 548
14 603
15 641
16 709
17 622
18 593
19 554
20 554
21 373
22 206
23 161
24 299
25 581
26 477
27 457
28 404
29 400
30 423
31 438
32 524
34 578
35 661
36 386
37 616
38 670
39 432
34 39
0 687
1 416
2 375
3 253
4 184
5 21
6 45
7 188
8 616
9 420
10 374
11 244
12 169
13 47
14 26
15 180
16 623
17 429
18 354
19 197
20 222
21 652
22 510
23 419
24 413
25 612
26 459
27 421
28 278
29 246
30 157
31 154
32 228
33 578
35 162
36 209
37 306
38 361
39 302
35 39
0 769
1 576
2 535
3 414
4 343
5 182
6 118
7 45
8 776
9 580
10 534
11 405
12 329
13 206
14 160
15 40
16 783
17 589
18 514
19 357
20 382
21 794
22 634
23 503
24 429
25 772
26 617
27 579
28 429
29 392
30 258
31 230
32 173
33 661
34 162
36 277
37 463
38 514
39 282
36 39
0 495
1 479
2 442
3 314
4 296
5 206
6 224
7 266
8 657
9 483
10 440
11 303
12 278
13 194
14 234
15 261
16 657
17 485
18 419
19 289
20 306
21 551
22 371
23 227
24 213
25 598
26 439
27 399
28 242
29 203
30 66
31 56
32 174
33 386
34 209
35 277
37 399
38 464
39 156
37 39
0 708
1 116
2 77
3 90
4 124
5 287
6 347
7 494
8 316
9 120
10 77
11 100
12 140
13 270
14 304
15 486
16 325
17 131
18 64
19 117
20 96
21 499
22 453
23 491
24 597
25 354
26 241
27 222
28 214
29 231
30 338
31 371
32 512
33 616
34 306
35 463
36 399
38 65
39 548
38 39
0 760
1 97
2 77
3 153
4 181
5 343
6 400
7 547
8 280
9 100
10 79
11 164
12 199
13 327
14 356
15 539
16 292
17 114
18 83
19 179
20 159
21 524
22 499
23 551
24 662
25 348
26 261
27 251
28 273
29 293
30 402
31 434
32 573
33 670
34 361
35 514
36 464
37 65
39 612
39 39
0 533
1 633
2 596
3 466
4 437
5 309
6 294
7 249
8 812
9 637
10 594
11 455
12 419
13 309
14 323
15 248
16 813
17 640
18 572
19 434
20 453
21 676
22 483
23 297
24 154
25 749
26 592
27 552
28 397
29 358
30 212
31 179
32 111
33 432
34 302
35 282
36 156
37 548
38 612