1.00000
40 20
1 2 3 4 5 6 7 8 9 10 11 12 13 14 15 16 17 18 19 20
0 39
1 180
2 301
3 470
4 681
5 874
6 369
7 434
8 554
9 668
10 834
11 507
12 599
13 671
14 791
15 946
16 749
17 705
18 856
19 956
20 92
21 142
22 298
23 471
24 648
25 827
26 317
27 411
28 550
29 707
30 874
31 510
32 574
33 680
34 813
35 961
36 708
37 754
38 838
39 949
1 39
0 180
2 160
3 325
4 529
5 718
6 239
7 262
8 376
9 492
10 665
11 387
12 439
13 502
14 612
15 767
16 646
17 561
18 692
19 785
20 89
21 47
22 135
23 315
24 495
25 675
26 202
27 238
28 371
29 532
30 702
31 399
32 419
33 506
34 634
35 782
36 598
37 611
38 674
39 775
2 39
0 301
1 160
3 171
4 381
5 574
6 333
7 273
8 296
9 387
10 539
11 472
12 457
13 492
14 545
15 678
16 730
17 601
18 686
19 759
20 225
21 203
22 53
23 172
24 348
25 527
26 318
27 251
28 299
29 426
30 581
31 491
32 451
33 479
34 567
35 691
36 679
37 651
38 671
39 736
3 39
0 470
1 325
2 171
4 212
5 405
6 438
7 322
8 233
9 269
10 386
11 554
12 476
13 477
14 460
15 561
16 796
17 629
18 660
19 707
20 395
21 370
22 192
23 48
24 181
25 358
26 442
27 310
28 248
29 303
30 432
31 578
32 485
33 448
34 480
35 571
36 744
37 674
38 648
39 670
4 39
0 681
1 529
2 381
3 212
5 194
6 593
7 449
8 278
9 205
10 205
11 678
12 546
13 508
14 398
15 430
16 889
17 690
18 653
19 662
20 604
21 575
22 395
23 215
24 36
25 147
26 611
27 447
28 300
29 212
30 255
31 705
32 568
33 462
34 411
35 435
36 837
37 726
38 646
39 610
5 39
0 874
1 718
2 574
3 405
4 194
6 756
7 604
8 417
9 300
10 143
11 819
12 659
13 597
14 426
15 374
16 1000
17 786
18 697
19 672
20 795
21 764
22 584
23 405
24 226
25 55
26 782
27 607
28 437
29 279
30 173
31 847
32 689
33 546
34 430
35 370
36 951
37 814
38 696
39 610
6 39
0 369
1 239
2 333
3 438
4 593
5 756
7 155
8 343
9 471
10 662
11 149
12 246
13 334
14 508
15 684
16 409
17 336
18 502
19 612
20 294
21 245
22 282
23 404
24 559
25 725
26 56
27 150
28 326
29 505
30 685
31 163
32 214
33 360
34 528
35 702
36 360
37 386
38 483
39 618
7 39
0 434
1 262
2 273
3 322
4 449
5 604
6 155
8 189
9 317
10 508
11 235
12 187
13 241
14 372
15 543
16 476
17 329
18 432
19 524
20 344
21 293
22 223
23 280
24 415
25 575
26 192
27 25
28 172
29 351
30 531
31 261
32 179
33 247
34 393
35 560
36 424
37 379
38 415
39 516
8 39
0 554
1 376
2 296
3 233
4 278
5 417
6 343
7 189
9 130
10 320
11 404
12 270
13 250
14 250
15 392
16 611
17 419
18 428
19 479
20 464
21 419
22 269
23 186
24 248
25 392
26 376
27 196
28 22
29 166
30 346
31 433
32 291
33 216
34 272
35 407
36 560
37 459
38 416
39 447
9 39
0 668
1 492
2 387
3 269
4 205
5 300
6 471
7 317
8 130
10 191
11 520
12 362
13 309
14 203
15 295
16 704
17 496
18 448
19 466
20 579
21 537
22 373
23 233
24 187
25 284
26 505
27 325
28 146
29 40
30 217
31 549
32 390
33 261
34 220
35 307
36 655
37 529
38 442
39 419
10 39
0 834
1 665
2 539
3 386
4 205
5 143
6 662
7 508
8 320
9 191
11 706
12 535
13 465
14 284
15 245
16 870
17 654
18 556
19 530
20 749
21 711
22 537
23 369
24 220
25 160
26 695
27 515
28 336
29 159
30 51
31 735
32 568
33 413
34 288
35 245
36 823
37 678
38 555
39 469
11 39
0 507
1 387
2 472
3 554
4 678
5 819
6 149
7 235
8 404
9 520
10 706
12 194
13 291
14 498
15 676
16 261
17 216
18 413
19 534
20 438
21 391
22 419
23 513
24 645
25 796
26 192
27 244
28 384
29 548
30 719
31 29
32 154
33 334
34 514
35 694
36 212
37 260
38 394
39 555
12 39
0 599
1 439
2 457
3 476
4 546
5 659
6 246
7 187
8 270
9 362
10 535
11 194
13 98
14 305
15 483
16 344
17 153
18 258
19 366
20 514
21 462
22 408
23 430
24 517
25 645
26 302
27 210
28 250
29 381
30 541
31 221
32 41
33 141
34 321
35 501
36 294
37 199
38 240
39 375
13 39
0 671
1 502
2 492
3 477
4 508
5 597
6 334
7 241
8 250
9 309
10 465
11 291
12 98
14 214
15 388
16 406
17 190
18 195
19 285
20 583
21 531
22 448
23 430
24 483
25 589
26 389
27 265
28 232
29 320
30 465
31 317
32 138
33 53
34 227
35 406
36 360
37 220
38 179
39 284
14 39
0 791
1 612
2 545
3 460
4 398
5 426
6 508
7 372
8 250
9 203
10 284
11 498
12 305
13 214
15 179
16 610
17 390
18 272
19 265
20 700
21 651
22 517
23 419
24 386
25 433
26 556
27 391
28 248
29 186
30 270
31 525
32 345
33 165
34 22
35 197
36 567
37 406
38 271
39 216
15 39
0 946
1 767
2 678
3 561
4 430
5 374
6 684
7 543
8 392
9 295
10 245
11 676
12 483
13 388
14 179
16 769
17 552
18 390
19 323
20 855
21 809
22 659
23 528
24 433
25 402
26 731
27 560
28 397
29 259
30 202
31 703
32 523
33 343
34 163
35 19
36 730
37 559
38 396
39 257
16 39
0 749
1 646
2 730
3 796
4 889
5 1000
6 409
7 476
8 611
9 704
10 870
11 261
12 344
13 406
14 610
15 769
17 220
18 404
19 522
20 690
21 646
22 678
23 753
24 859
25 987
26 446
27 491
28 590
29 721
30 870
31 247
32 321
33 459
34 618
35 787
36 53
37 212
38 390
39 569
17 39
0 705
1 561
2 601
3 629
4 690
5 786
6 336
7 329
8 419
9 496
10 654
11 216
12 153
13 190
14 390
15 552
16 220
18 214
19 338
20 627
21 576
22 551
23 582
24 663
25 778
26 390
27 351
28 398
29 509
30 652
31 228
32 151
33 242
34 399
35 570
36 179
37 51
38 196
39 373
18 39
0 856
1 692
2 686
3 660
4 653
5 697
6 502
7 432
8 428
9 448
10 556
11 413
12 258
13 195
14 272
15 390
16 404
17 214
19 125
20 770
21 718
22 643
23 613
24 634
25 703
26 558
27 456
28 413
29 444
30 538
31 431
32 289
33 213
34 269
35 405
36 376
37 196
38 20
39 166
19 39
0 956
1 785
2 759
3 707
4 662
5 672
6 612
7 524
8 479
9 466
10 530
11 534
12 366
13 285
14 265
15 323
16 522
17 338
18 125
20 867
21 815
22 721
23 662
24 650
25 687
26 667
27 548
28 468
29 451
30 502
31 553
32 401
33 282
34 253
35 336
36 497
37 318
38 143
39 67
20 39
0 92
1 89
2 225
3 395
4 604
5 795
6 294
7 344
8 464
9 579
10 749
11 438
12 514
13 583
14 700
15 855
16 690
17 627
18 770
19 867
21 53
22 213
23 391
24 570
25 750
26 246
27 321
28 459
29 619
30 787
31 445
32 491
33 590
34 721
35 870
36 645
37 677
38 752
39 859
21 39
0 142
1 47
2 203
3 370
4 575
5 764
6 245
7 293
8 419
9 537
10 711
11 391
12 462
13 531
14 651
15 809
16 646
17 576
18 718
19 815
20 53
22 181
23 361
24 541
25 721
26 201
27 270
28 412
29 576
30 748
31 401
32 439
33 539
34 673
35 824
36 601
37 627
38 700
39 808
22 39
0 298
1 135
2 53
3 192
4 395
5 584
6 282
7 223
8 269
9 373
10 537
11 419
12 408
13 448
14 517
15 659
16 678
17 551
18 643
19 721
20 213
21 181
23 181
24 361
25 541
26 270
27 201
28 270
29 412
30 576
31 439
32 401
33 439
34 539
35 673
36 627
37 601
38 627
39 700
23 39
0 471
1 315
2 172
3 48
4 215
5 405
6 404
7 280
8 186
9 233
10 369
11 513
12 430
13 430
14 419
15 528
16 753
17 582
18 613
19 662
20 391
21 361
22 181
24 181
25 361
26 412
27 270
28 201
29 270
30 412
31 539
32 439
33 401
34 439
35 539
36 700
37 627
38 601
39 627
24 39
0 648
1 495
2 348
3 181
4 36
5 226
6 559
7 415
8 248
9 187
10 220
11 645
12 517
13 483
14 386
15 433
16 859
17 663
18 634
19 650
20 570
21 541
22 361
23 181
25 181
26 576
27 412
28 270
29 201
30 270
31 673
32 539
33 439
34 401
35 439
36 808
37 700
38 627
39 601
25 39
0 827
1 675
2 527
3 358
4 147
5 55
6 725
7 575
8 392
9 284
10 160
11 796
12 645
13 589
14 433
15 402
16 987
17 778
18 703
19 687
20 750
21 721
22 541
23 361
24 181
26 748
27 576
28 412
29 270
30 201
31 824
32 673
33 539
34 439
35 401
36 938
37 808
38 700
39 627
26 39
0 317
1 202
2 318
3 442
4 611
5 782
6 56
7 192
8 376
9 505
10 695
11 192
12 302
13 389
14 556
15 731
16 446
17 390
18 558
19 667
20 246
21 201
22 270
23 412
24 576
25 748
27 181
28 361
29 541
30 721
31 201
32 270
33 412
34 576
35 748
36 401
37 439
38 539
39 673
27 39
0 411
1 238
2 251
3 310
4 447
5 607
6 150
7 25
8 196
9 325
10 515
11 244
12 210
13 265
14 391
15 560
16 491
17 351
18 456
19 548
20 321
21 270
22 201
23 270
24 412
25 576
26 181
28 181
29 361
30 541
31 270
32 201
33 270
34 412
35 576
36 439
37 401
38 439
39 539
28 39
0 550
1 371
2 299
3 248
4 300
5 437
6 326
7 172
8 22
9 146
10 336
11 384
12 250
13 232
14 248
15 397
16 590
17 398
18 413
19 468
20 459
21 412
22 270
23 201
24 270
25 412
26 361
27 181
29 181
30 361
31 412
32 270
33 201
34 270
35 412
36 539
37 439
38 401
39 439
29 39
0 707
1 532
2 426
3 303
4 212
5 279
6 505
7 351
8 166
9 40
10 159
11 548
12 381
13 320
14 186
15 259
16 721
17 509
18 444
19 451
20 619
21 576
22 412
23 270
24 201
25 270
26 541
27 361
28 181
30 181
31 576
32 412
33 270
34 201
35 270
36 673
37 539
38 439
39 401
30 39
0 874
1 702
2 581
3 432
4 255
5 173
6 685
7 531
8 346
9 217
10 51
11 719
12 541
13 465
14 270
15 202
16 870
17 652
18 538
19 502
20 787
21 748
22 576
23 412
24 270
25 201
26 721
27 541
28 361
29 181
31 748
32 576
33 412
34 270
35 201
36 824
37 673
38 539
39 439
31 39
0 510
1 399
2 491
3 578
4 705
5 847
6 163
7 261
8 433
9 549
10 735
11 29
12 221
13 317
14 525
15 703
16 247
17 228
18 431
19 553
20 445
21 401
22 439
23 539
24 673
25 824
26 201
27 270
28 412
29 576
30 748
32 181
33 361
34 541
35 721
36 201
37 270
38 412
39 576
32 39
0 574
1 419
2 451
3 485
4 568
5 689
6 214
7 179
8 291
9 390
10 568
11 154
12 41
13 138
14 345
15 523
16 321
17 151
18 289
19 401
20 491
21 439
22 401
23 439
24 539
25 673
26 270
27 201
28 270
29 412
30 576
31 181
33 181
34 361
35 541
36 270
37 201
38 270
39 412
33 39
0 680
1 506
2 479
3 448
4 462
5 546
6 360
7 247
8 216
9 261
10 413
11 334
12 141
13 53
14 165
15 343
16 459
17 242
18 213
19 282
20 590
21 539
22 439
23 401
24 439
25 539
26 412
27 270
28 201
29 270
30 412
31 361
32 181
34 181
35 361
36 412
37 270
38 201
39 270
34 39
0 813
1 634
2 567
3 480
4 411
5 430
6 528
7 393
8 272
9 220
10 288
11 514
12 321
13 227
14 22
15 163
16 618
17 399
18 269
19 253
20 721
21 673
22 539
23 439
24 401
25 439
26 576
27 412
28 270
29 201
30 270
31 541
32 361
33 181
35 181
36 576
37 412
38 270
39 201
35 39
0 961
1 782
2 691
3 571
4 435
5 370
6 702
7 560
8 407
9 307
10 245
11 694
12 501
13 406
14 197
15 19
16 787
17 570
18 405
19 336
20 870
21 824
22 673
23 539
24 439
25 401
26 748
27 576
28 412
29 270
30 201
31 721
32 541
33 361
34 181
36 748
37 576
38 412
39 270
36 39
0 708
1 598
2 679
3 744
4 837
5 951
6 360
7 424
8 560
9 655
10 823
11 212
12 294
13 360
14 567
15 730
16 53
17 179
18 376
19 497
20 645
21 601
22 627
23 700
24 808
25 938
26 401
27 439
28 539
29 673
30 824
31 201
32 270
33 412
34 576
35 748
37 181
38 361
39 541
37 39
0 754
1 611
2 651
3 674
4 726
5 814
6 386
7 379
8 459
9 529
10 678
11 260
12 199
13 220
14 406
15 559
16 212
17 51
18 196
19 318
20 677
21 627
22 601
23 627
24 700
25 808
26 439
27 401
28 439
29 539
30 673
31 270
32 201
33 270
34 412
35 576
36 181
38 181
39 361
38 39
0 838
1 674
2 671
3 648
4 646
5 696
6 483
7 415
8 416
9 442
10 555
11 394
12 240
13 179
14 271
15 396
16 390
17 196
18 20
19 143
20 752
21 700
22 627
23 601
24 627
25 700
26 539
27 439
28 401
29 439
30 539
31 412
32 270
33 201
34 270
35 412
36 361
37 181
39 181
39 39
0 949
1 775
2 736
3 670
4 610
5 610
6 618
7 516
8 447
9 419
10 469
11 555
12 375
13 284
14 216
15 257
16 569
17 373
18 166
19 67
20 859
21 808
22 700
23 627
24 601
25 627
26 673
27 539
28 439
29 401
30 439
31 576
32 412
33 270
34 201
35 270
36 541
37 361
38 181